   2014.0000      1.0000      3.0000     22.0000      0.0000      0.0000      1.2700
   2014.0000      1.0000      4.0000     15.0000      0.0000      0.0000      0.2540
   2014.0000      1.0000      5.0000     19.0000      0.0000      0.0000      5.8420
   2014.0000      1.0000      5.0000     20.0000      0.0000      0.0000      3.0480
   2014.0000      1.0000      6.0000      9.0000      0.0000      0.0000      0.2540
   2014.0000      1.0000      6.0000     23.0000      0.0000      0.0000      0.2540
   2014.0000      1.0000      7.0000     12.0000      0.0000      0.0000      0.2540
   2014.0000      1.0000      7.0000     14.0000      0.0000      0.0000      0.2540
   2014.0000      1.0000      7.0000     18.0000      0.0000      0.0000      0.5080
   2014.0000      1.0000      7.0000     20.0000      0.0000      0.0000      0.2540
   2014.0000      1.0000      8.0000      4.0000      0.0000      0.0000      0.2540
   2014.0000      1.0000      8.0000      5.0000      0.0000      0.0000      0.2540
   2014.0000      1.0000      8.0000      6.0000      0.0000      0.0000      0.2540
   2014.0000      1.0000      8.0000      7.0000      0.0000      0.0000      0.2540
   2014.0000      1.0000      8.0000     12.0000      0.0000      0.0000      0.7620
   2014.0000      1.0000      8.0000     14.0000      0.0000      0.0000      0.2540
   2014.0000      1.0000      9.0000      0.0000      0.0000      0.0000      0.5080
   2014.0000      1.0000      9.0000      1.0000      0.0000      0.0000      0.7620
   2014.0000      1.0000      9.0000      2.0000      0.0000      0.0000      0.2540
   2014.0000      1.0000      9.0000      5.0000      0.0000      0.0000      0.5080
   2014.0000      1.0000      9.0000      6.0000      0.0000      0.0000      1.0160
   2014.0000      1.0000      9.0000     14.0000      0.0000      0.0000      0.2540
   2014.0000      1.0000     10.0000      7.0000      0.0000      0.0000      1.2700
   2014.0000      1.0000     10.0000      8.0000      0.0000      0.0000      0.2540
   2014.0000      1.0000     10.0000      9.0000      0.0000      0.0000      2.2860
   2014.0000      1.0000     10.0000     10.0000      0.0000      0.0000      6.6040
   2014.0000      1.0000     10.0000     11.0000      0.0000      0.0000     18.0340
   2014.0000      1.0000     10.0000     12.0000      0.0000      0.0000      3.5560
   2014.0000      1.0000     11.0000      1.0000      0.0000      0.0000      3.3020
   2014.0000      1.0000     11.0000      2.0000      0.0000      0.0000      4.8260
   2014.0000      1.0000     11.0000      3.0000      0.0000      0.0000      2.7940
   2014.0000      1.0000     11.0000      4.0000      0.0000      0.0000      3.8100
   2014.0000      1.0000     11.0000      5.0000      0.0000      0.0000      3.3020
   2014.0000      1.0000     12.0000     23.0000      0.0000      0.0000      0.2540
   2014.0000      1.0000     13.0000      7.0000      0.0000      0.0000      6.3500
   2014.0000      1.0000     13.0000      8.0000      0.0000      0.0000     30.9880
   2014.0000      1.0000     13.0000      9.0000      0.0000      0.0000      7.8740
   2014.0000      1.0000     13.0000     10.0000      0.0000      0.0000      2.7940
   2014.0000      1.0000     13.0000     11.0000      0.0000      0.0000      3.0480
   2014.0000      1.0000     13.0000     12.0000      0.0000      0.0000      0.2540
   2014.0000      1.0000     13.0000     17.0000      0.0000      0.0000      0.2540
   2014.0000      1.0000     14.0000      7.0000      0.0000      0.0000      0.2540
   2014.0000      1.0000     14.0000     18.0000      0.0000      0.0000      1.5240
   2014.0000      1.0000     15.0000      3.0000      0.0000      0.0000      0.2540
   2014.0000      1.0000     15.0000     20.0000      0.0000      0.0000      0.2540
   2014.0000      1.0000     15.0000     21.0000      0.0000      0.0000     17.0180
   2014.0000      1.0000     15.0000     22.0000      0.0000      0.0000      0.5080
   2014.0000      1.0000     16.0000     15.0000      0.0000      0.0000      0.2540
   2014.0000      1.0000     16.0000     18.0000      0.0000      0.0000      1.5240
   2014.0000      1.0000     17.0000     16.0000      0.0000      0.0000      1.7780
   2014.0000      1.0000     18.0000     14.0000      0.0000      0.0000      0.2540
   2014.0000      1.0000     18.0000     15.0000      0.0000      0.0000     14.9860
   2014.0000      1.0000     18.0000     16.0000      0.0000      0.0000      5.3340
   2014.0000      1.0000     18.0000     17.0000      0.0000      0.0000      1.0160
   2014.0000      1.0000     19.0000     10.0000      0.0000      0.0000      0.5080
   2014.0000      1.0000     19.0000     11.0000      0.0000      0.0000      0.2540
   2014.0000      1.0000     20.0000     14.0000      0.0000      0.0000      0.2540
   2014.0000      1.0000     21.0000      7.0000      0.0000      0.0000      1.5240
   2014.0000      1.0000     21.0000      9.0000      0.0000      0.0000      7.3660
   2014.0000      1.0000     21.0000     10.0000      0.0000      0.0000      0.2540
   2014.0000      1.0000     23.0000     20.0000      0.0000      0.0000      1.0160
   2014.0000      1.0000     25.0000      2.0000      0.0000      0.0000      1.5240
   2014.0000      1.0000     25.0000      3.0000      0.0000      0.0000      3.3020
   2014.0000      1.0000     25.0000      9.0000      0.0000      0.0000      0.5080
   2014.0000      1.0000     25.0000     10.0000      0.0000      0.0000      0.2540
   2014.0000      1.0000     25.0000     17.0000      0.0000      0.0000      1.7780
   2014.0000      1.0000     25.0000     22.0000      0.0000      0.0000      2.5400
   2014.0000      1.0000     25.0000     23.0000      0.0000      0.0000      0.5080
   2014.0000      1.0000     26.0000      0.0000      0.0000      0.0000     17.5260
   2014.0000      1.0000     26.0000      1.0000      0.0000      0.0000      7.6200
   2014.0000      1.0000     26.0000      2.0000      0.0000      0.0000      3.3020
   2014.0000      1.0000     26.0000      3.0000      0.0000      0.0000      3.5560
   2014.0000      1.0000     26.0000      4.0000      0.0000      0.0000      3.0480
   2014.0000      1.0000     26.0000      5.0000      0.0000      0.0000      0.2540
   2014.0000      1.0000     26.0000     21.0000      0.0000      0.0000     17.5260
   2014.0000      1.0000     26.0000     22.0000      0.0000      0.0000      6.3500
   2014.0000      1.0000     27.0000      0.0000      0.0000      0.0000      0.7620
   2014.0000      1.0000     27.0000      6.0000      0.0000      0.0000      0.2540
   2014.0000      1.0000     27.0000      8.0000      0.0000      0.0000      0.2540
   2014.0000      1.0000     27.0000     16.0000      0.0000      0.0000      0.5080
   2014.0000      1.0000     28.0000      7.0000      0.0000      0.0000      1.0160
   2014.0000      1.0000     28.0000      8.0000      0.0000      0.0000      5.8420
   2014.0000      1.0000     28.0000      9.0000      0.0000      0.0000      2.7940
   2014.0000      1.0000     28.0000     21.0000      0.0000      0.0000      0.5080
   2014.0000      1.0000     28.0000     22.0000      0.0000      0.0000      1.2700
   2014.0000      1.0000     28.0000     23.0000      0.0000      0.0000      0.2540
   2014.0000      1.0000     29.0000      4.0000      0.0000      0.0000      0.2540
   2014.0000      1.0000     29.0000      6.0000      0.0000      0.0000      0.5080
   2014.0000      1.0000     29.0000      7.0000      0.0000      0.0000      0.2540
   2014.0000      1.0000     31.0000     23.0000      0.0000      0.0000      0.2540
   2014.0000      2.0000      1.0000     19.0000      0.0000      0.0000      5.0800
   2014.0000      2.0000      1.0000     20.0000      0.0000      0.0000      0.7620
   2014.0000      2.0000      2.0000     11.0000      0.0000      0.0000      0.2540
   2014.0000      2.0000      2.0000     12.0000      0.0000      0.0000      3.8100
   2014.0000      2.0000      3.0000     20.0000      0.0000      0.0000      0.2540
   2014.0000      2.0000      4.0000      0.0000      0.0000      0.0000      0.5080
   2014.0000      2.0000      4.0000      2.0000      0.0000      0.0000      0.2540
   2014.0000      2.0000      4.0000      4.0000      0.0000      0.0000      0.2540
   2014.0000      2.0000      4.0000      5.0000      0.0000      0.0000      0.5080
   2014.0000      2.0000      4.0000      6.0000      0.0000      0.0000      1.0160
   2014.0000      2.0000      4.0000      7.0000      0.0000      0.0000      0.5080
   2014.0000      2.0000      4.0000      8.0000      0.0000      0.0000      0.5080
   2014.0000      2.0000      4.0000      9.0000      0.0000      0.0000      0.2540
   2014.0000      2.0000      4.0000     17.0000      0.0000      0.0000      0.2540
   2014.0000      2.0000      5.0000     19.0000      0.0000      0.0000      2.7940
   2014.0000      2.0000      5.0000     20.0000      0.0000      0.0000      7.3660
   2014.0000      2.0000      6.0000     13.0000      0.0000      0.0000      0.2540
   2014.0000      2.0000      7.0000     15.0000      0.0000      0.0000     10.9220
   2014.0000      2.0000      7.0000     16.0000      0.0000      0.0000      7.6200
   2014.0000      2.0000      7.0000     17.0000      0.0000      0.0000      1.5240
   2014.0000      2.0000      7.0000     18.0000      0.0000      0.0000      1.0160
   2014.0000      2.0000      7.0000     20.0000      0.0000      0.0000      0.2540
   2014.0000      2.0000      8.0000     15.0000      0.0000      0.0000      0.2540
   2014.0000      2.0000     10.0000     14.0000      0.0000      0.0000      0.7620
   2014.0000      2.0000     10.0000     18.0000      0.0000      0.0000      3.3020
   2014.0000      2.0000     10.0000     19.0000      0.0000      0.0000      0.2540
   2014.0000      2.0000     10.0000     20.0000      0.0000      0.0000      0.2540
   2014.0000      2.0000     11.0000     12.0000      0.0000      0.0000     11.6840
   2014.0000      2.0000     11.0000     13.0000      0.0000      0.0000      8.1280
   2014.0000      2.0000     11.0000     14.0000      0.0000      0.0000      1.7780
   2014.0000      2.0000     11.0000     15.0000      0.0000      0.0000      0.7620
   2014.0000      2.0000     11.0000     16.0000      0.0000      0.0000      0.5080
   2014.0000      2.0000     12.0000      9.0000      0.0000      0.0000      0.2540
   2014.0000      2.0000     12.0000     10.0000      0.0000      0.0000      3.5560
   2014.0000      2.0000     13.0000     20.0000      0.0000      0.0000      5.8420
   2014.0000      2.0000     14.0000      3.0000      0.0000      0.0000      0.2540
   2014.0000      2.0000     14.0000      7.0000      0.0000      0.0000      0.2540
   2014.0000      2.0000     14.0000      8.0000      0.0000      0.0000      0.5080
   2014.0000      2.0000     14.0000     11.0000      0.0000      0.0000      0.2540
   2014.0000      2.0000     14.0000     13.0000      0.0000      0.0000      0.5080
   2014.0000      2.0000     14.0000     14.0000      0.0000      0.0000      3.0480
   2014.0000      2.0000     14.0000     15.0000      0.0000      0.0000      0.2540
   2014.0000      2.0000     15.0000      3.0000      0.0000      0.0000      1.0160
   2014.0000      2.0000     15.0000      4.0000      0.0000      0.0000     22.6060
   2014.0000      2.0000     15.0000      5.0000      0.0000      0.0000      1.2700
   2014.0000      2.0000     15.0000     16.0000      0.0000      0.0000      0.7620
   2014.0000      2.0000     15.0000     18.0000      0.0000      0.0000      0.2540
   2014.0000      2.0000     16.0000      9.0000      0.0000      0.0000      0.2540
   2014.0000      2.0000     16.0000     16.0000      0.0000      0.0000      0.2540
   2014.0000      2.0000     17.0000      1.0000      0.0000      0.0000      0.2540
   2014.0000      2.0000     17.0000      3.0000      0.0000      0.0000      2.5400
   2014.0000      2.0000     17.0000      6.0000      0.0000      0.0000      1.5240
   2014.0000      2.0000     17.0000      7.0000      0.0000      0.0000      7.6200
   2014.0000      2.0000     17.0000      8.0000      0.0000      0.0000      0.2540
   2014.0000      2.0000     17.0000     10.0000      0.0000      0.0000      1.0160
   2014.0000      2.0000     17.0000     11.0000      0.0000      0.0000      0.2540
   2014.0000      2.0000     17.0000     20.0000      0.0000      0.0000      0.7620
   2014.0000      2.0000     20.0000     13.0000      0.0000      0.0000      0.2540
   2014.0000      2.0000     21.0000      9.0000      0.0000      0.0000     14.4780
   2014.0000      2.0000     21.0000     10.0000      0.0000      0.0000      4.3180
   2014.0000      2.0000     21.0000     11.0000      0.0000      0.0000      3.8100
   2014.0000      2.0000     21.0000     12.0000      0.0000      0.0000      1.0160
   2014.0000      2.0000     21.0000     13.0000      0.0000      0.0000      1.2700
   2014.0000      2.0000     21.0000     14.0000      0.0000      0.0000      0.5080
   2014.0000      2.0000     22.0000     15.0000      0.0000      0.0000      5.0800
   2014.0000      2.0000     22.0000     16.0000      0.0000      0.0000     14.9860
   2014.0000      2.0000     22.0000     17.0000      0.0000      0.0000      0.5080
   2014.0000      2.0000     23.0000     13.0000      0.0000      0.0000      5.3340
   2014.0000      2.0000     23.0000     14.0000      0.0000      0.0000      3.0480
   2014.0000      2.0000     23.0000     15.0000      0.0000      0.0000      3.0480
   2014.0000      2.0000     23.0000     16.0000      0.0000      0.0000      0.5080
   2014.0000      2.0000     23.0000     17.0000      0.0000      0.0000      0.2540
   2014.0000      2.0000     23.0000     18.0000      0.0000      0.0000      0.2540
   2014.0000      2.0000     24.0000     14.0000      0.0000      0.0000      1.2700
   2014.0000      2.0000     24.0000     15.0000      0.0000      0.0000      0.5080
   2014.0000      2.0000     25.0000     15.0000      0.0000      0.0000      0.2540
   2014.0000      2.0000     25.0000     16.0000      0.0000      0.0000      1.0160
   2014.0000      2.0000     25.0000     19.0000      0.0000      0.0000      0.5080
   2014.0000      2.0000     25.0000     20.0000      0.0000      0.0000      0.2540
   2014.0000      2.0000     26.0000      8.0000      0.0000      0.0000      0.2540
   2014.0000      2.0000     26.0000      9.0000      0.0000      0.0000      1.5240
   2014.0000      2.0000     26.0000     16.0000      0.0000      0.0000     15.2400
   2014.0000      2.0000     26.0000     17.0000      0.0000      0.0000      2.2860
   2014.0000      2.0000     26.0000     18.0000      0.0000      0.0000      5.0800
   2014.0000      2.0000     26.0000     19.0000      0.0000      0.0000      2.0320
   2014.0000      2.0000     26.0000     20.0000      0.0000      0.0000      0.2540
   2014.0000      2.0000     26.0000     21.0000      0.0000      0.0000      0.2540
   2014.0000      2.0000     26.0000     22.0000      0.0000      0.0000      0.5080
   2014.0000      3.0000      1.0000      7.0000      0.0000      0.0000      0.7620
   2014.0000      3.0000      1.0000      8.0000      0.0000      0.0000      1.2700
   2014.0000      3.0000      1.0000      9.0000      0.0000      0.0000      0.2540
   2014.0000      3.0000      1.0000     16.0000      0.0000      0.0000      0.2540
   2014.0000      3.0000      2.0000      2.0000      0.0000      0.0000     10.1600
   2014.0000      3.0000      2.0000      3.0000      0.0000      0.0000      2.5400
   2014.0000      3.0000      2.0000      4.0000      0.0000      0.0000      4.5720
   2014.0000      3.0000      2.0000      5.0000      0.0000      0.0000      7.3660
   2014.0000      3.0000      2.0000      6.0000      0.0000      0.0000      4.0640
   2014.0000      3.0000      2.0000      7.0000      0.0000      0.0000      1.7780
   2014.0000      3.0000      2.0000      8.0000      0.0000      0.0000      0.5080
   2014.0000      3.0000      2.0000      9.0000      0.0000      0.0000      0.2540
   2014.0000      3.0000      2.0000     10.0000      0.0000      0.0000      0.2540
   2014.0000      3.0000      2.0000     11.0000      0.0000      0.0000      0.2540
   2014.0000      3.0000      3.0000      8.0000      0.0000      0.0000      0.2540
   2014.0000      3.0000      4.0000     12.0000      0.0000      0.0000      2.2860
   2014.0000      3.0000      4.0000     15.0000      0.0000      0.0000      0.7620
   2014.0000      3.0000      4.0000     16.0000      0.0000      0.0000      0.2540
   2014.0000      3.0000      4.0000     20.0000      0.0000      0.0000      2.5400
   2014.0000      3.0000      4.0000     21.0000      0.0000      0.0000      3.0480
   2014.0000      3.0000      5.0000     15.0000      0.0000      0.0000      0.2540
   2014.0000      3.0000      5.0000     19.0000      0.0000      0.0000     14.2240
   2014.0000      3.0000      5.0000     20.0000      0.0000      0.0000      1.2700
   2014.0000      3.0000      5.0000     22.0000      0.0000      0.0000      0.2540
   2014.0000      3.0000      5.0000     23.0000      0.0000      0.0000      0.2540
   2014.0000      3.0000      6.0000     16.0000      0.0000      0.0000      0.2540
   2014.0000      3.0000      7.0000     16.0000      0.0000      0.0000      1.2700
   2014.0000      3.0000      7.0000     17.0000      0.0000      0.0000      0.7620
   2014.0000      3.0000      8.0000      1.0000      0.0000      0.0000      1.5240
   2014.0000      3.0000      8.0000      2.0000      0.0000      0.0000      7.3660
   2014.0000      3.0000      8.0000      3.0000      0.0000      0.0000      0.7620
   2014.0000      3.0000      8.0000      4.0000      0.0000      0.0000      2.7940
   2014.0000      3.0000      8.0000      5.0000      0.0000      0.0000      5.0800
   2014.0000      3.0000      8.0000      6.0000      0.0000      0.0000      6.0960
   2014.0000      3.0000      8.0000      7.0000      0.0000      0.0000      0.7620
   2014.0000      3.0000      8.0000      8.0000      0.0000      0.0000      0.5080
   2014.0000      3.0000      8.0000     10.0000      0.0000      0.0000      3.5560
   2014.0000      3.0000      8.0000     11.0000      0.0000      0.0000      0.2540
   2014.0000      3.0000      8.0000     12.0000      0.0000      0.0000      1.0160
   2014.0000      3.0000      9.0000     15.0000      0.0000      0.0000      0.2540
   2014.0000      3.0000     10.0000     23.0000      0.0000      0.0000      0.7620
   2014.0000      3.0000     11.0000      0.0000      0.0000      0.0000      0.2540
   2014.0000      3.0000     11.0000     14.0000      0.0000      0.0000      4.3180
   2014.0000      3.0000     11.0000     15.0000      0.0000      0.0000     21.8440
   2014.0000      3.0000     11.0000     16.0000      0.0000      0.0000      3.8100
   2014.0000      3.0000     11.0000     17.0000      0.0000      0.0000      5.5880
   2014.0000      3.0000     11.0000     18.0000      0.0000      0.0000      0.2540
   2014.0000      3.0000     11.0000     20.0000      0.0000      0.0000      0.5080
   2014.0000      3.0000     11.0000     21.0000      0.0000      0.0000      0.2540
   2014.0000      3.0000     11.0000     23.0000      0.0000      0.0000      1.5240
   2014.0000      3.0000     12.0000      0.0000      0.0000      0.0000      7.3660
   2014.0000      3.0000     12.0000      1.0000      0.0000      0.0000     12.9540
   2014.0000      3.0000     12.0000      2.0000      0.0000      0.0000      2.0320
   2014.0000      3.0000     12.0000      3.0000      0.0000      0.0000      5.0800
   2014.0000      3.0000     12.0000      4.0000      0.0000      0.0000      2.2860
   2014.0000      3.0000     12.0000      5.0000      0.0000      0.0000      2.2860
   2014.0000      3.0000     12.0000      6.0000      0.0000      0.0000      1.2700
   2014.0000      3.0000     12.0000      7.0000      0.0000      0.0000      2.2860
   2014.0000      3.0000     12.0000      8.0000      0.0000      0.0000      0.2540
   2014.0000      3.0000     12.0000     20.0000      0.0000      0.0000      0.2540
   2014.0000      3.0000     13.0000     19.0000      0.0000      0.0000      5.8420
   2014.0000      3.0000     13.0000     20.0000      0.0000      0.0000      1.7780
   2014.0000      3.0000     15.0000     18.0000      0.0000      0.0000      0.5080
   2014.0000      3.0000     17.0000     18.0000      0.0000      0.0000      6.6040
   2014.0000      3.0000     19.0000      6.0000      0.0000      0.0000      2.2860
   2014.0000      3.0000     19.0000      8.0000      0.0000      0.0000      7.8740
   2014.0000      3.0000     19.0000      9.0000      0.0000      0.0000      7.8740
   2014.0000      3.0000     19.0000     10.0000      0.0000      0.0000      8.3820
   2014.0000      3.0000     19.0000     11.0000      0.0000      0.0000     12.9540
   2014.0000      3.0000     19.0000     12.0000      0.0000      0.0000      2.5400
   2014.0000      3.0000     19.0000     13.0000      0.0000      0.0000      4.8260
   2014.0000      3.0000     19.0000     14.0000      0.0000      0.0000      6.6040
   2014.0000      3.0000     19.0000     15.0000      0.0000      0.0000      1.2700
   2014.0000      3.0000     19.0000     16.0000      0.0000      0.0000      0.5080
   2014.0000      3.0000     19.0000     23.0000      0.0000      0.0000      0.2540
   2014.0000      3.0000     20.0000      5.0000      0.0000      0.0000      1.0160
   2014.0000      3.0000     20.0000      8.0000      0.0000      0.0000      1.7780
   2014.0000      3.0000     20.0000     10.0000      0.0000      0.0000      0.2540
   2014.0000      3.0000     20.0000     11.0000      0.0000      0.0000     41.6560
   2014.0000      3.0000     20.0000     12.0000      0.0000      0.0000      8.8900
   2014.0000      3.0000     20.0000     13.0000      0.0000      0.0000      2.5400
   2014.0000      3.0000     20.0000     14.0000      0.0000      0.0000      2.5400
   2014.0000      3.0000     20.0000     15.0000      0.0000      0.0000      2.2860
   2014.0000      3.0000     20.0000     16.0000      0.0000      0.0000      0.5080
   2014.0000      3.0000     21.0000      8.0000      0.0000      0.0000      0.5080
   2014.0000      3.0000     21.0000      9.0000      0.0000      0.0000      0.2540
   2014.0000      3.0000     21.0000     10.0000      0.0000      0.0000      1.2700
   2014.0000      3.0000     21.0000     12.0000      0.0000      0.0000      0.2540
   2014.0000      3.0000     21.0000     19.0000      0.0000      0.0000      0.7620
   2014.0000      3.0000     21.0000     20.0000      0.0000      0.0000      1.0160
   2014.0000      3.0000     22.0000      6.0000      0.0000      0.0000      0.2540
   2014.0000      3.0000     22.0000      9.0000      0.0000      0.0000      0.5080
   2014.0000      3.0000     22.0000     15.0000      0.0000      0.0000      0.5080
   2014.0000      3.0000     22.0000     16.0000      0.0000      0.0000      5.8420
   2014.0000      3.0000     22.0000     17.0000      0.0000      0.0000      0.2540
   2014.0000      3.0000     23.0000      2.0000      0.0000      0.0000      1.7780
   2014.0000      3.0000     23.0000      6.0000      0.0000      0.0000      0.2540
   2014.0000      3.0000     23.0000      7.0000      0.0000      0.0000      3.0480
   2014.0000      3.0000     23.0000      8.0000      0.0000      0.0000      1.7780
   2014.0000      3.0000     23.0000      9.0000      0.0000      0.0000      1.0160
   2014.0000      3.0000     23.0000     10.0000      0.0000      0.0000      0.5080
   2014.0000      3.0000     23.0000     12.0000      0.0000      0.0000      2.0320
   2014.0000      3.0000     23.0000     13.0000      0.0000      0.0000      0.2540
   2014.0000      3.0000     23.0000     17.0000      0.0000      0.0000      8.1280
   2014.0000      3.0000     23.0000     18.0000      0.0000      0.0000      9.9060
   2014.0000      3.0000     23.0000     19.0000      0.0000      0.0000      0.5080
   2014.0000      3.0000     24.0000     13.0000      0.0000      0.0000      0.5080
   2014.0000      3.0000     24.0000     14.0000      0.0000      0.0000      0.7620
   2014.0000      3.0000     25.0000     17.0000      0.0000      0.0000      1.2700
   2014.0000      3.0000     26.0000     14.0000      0.0000      0.0000      0.2540
   2014.0000      3.0000     26.0000     19.0000      0.0000      0.0000      0.2540
   2014.0000      3.0000     26.0000     20.0000      0.0000      0.0000     21.8440
   2014.0000      3.0000     26.0000     21.0000      0.0000      0.0000      0.7620
   2014.0000      3.0000     27.0000     12.0000      0.0000      0.0000      1.7780
   2014.0000      3.0000     27.0000     13.0000      0.0000      0.0000     20.8280
   2014.0000      3.0000     27.0000     14.0000      0.0000      0.0000      4.3180
   2014.0000      3.0000     27.0000     15.0000      0.0000      0.0000      1.5240
   2014.0000      3.0000     27.0000     16.0000      0.0000      0.0000      0.2540
   2014.0000      3.0000     28.0000      2.0000      0.0000      0.0000      0.5080
   2014.0000      3.0000     28.0000      3.0000      0.0000      0.0000      0.2540
   2014.0000      3.0000     28.0000      4.0000      0.0000      0.0000      0.5080
   2014.0000      3.0000     30.0000      6.0000      0.0000      0.0000      0.2540
   2014.0000      3.0000     31.0000      6.0000      0.0000      0.0000      9.3980
   2014.0000      3.0000     31.0000      7.0000      0.0000      0.0000      1.7780
   2014.0000      3.0000     31.0000      8.0000      0.0000      0.0000      2.5400
   2014.0000      3.0000     31.0000      9.0000      0.0000      0.0000      0.2540
   2014.0000      3.0000     31.0000     16.0000      0.0000      0.0000      0.2540
   2014.0000      3.0000     31.0000     18.0000      0.0000      0.0000      3.8100
   2014.0000      3.0000     31.0000     19.0000      0.0000      0.0000      6.3500
   2014.0000      4.0000      1.0000      6.0000      0.0000      0.0000      8.8900
   2014.0000      4.0000      1.0000      9.0000      0.0000      0.0000      0.5080
   2014.0000      4.0000      1.0000     10.0000      0.0000      0.0000      0.2540
   2014.0000      4.0000      1.0000     15.0000      0.0000      0.0000     11.4300
   2014.0000      4.0000      1.0000     16.0000      0.0000      0.0000      7.1120
   2014.0000      4.0000      1.0000     17.0000      0.0000      0.0000      5.0800
   2014.0000      4.0000      1.0000     18.0000      0.0000      0.0000      1.7780
   2014.0000      4.0000      2.0000     19.0000      0.0000      0.0000      0.2540
   2014.0000      4.0000      3.0000     14.0000      0.0000      0.0000      0.2540
   2014.0000      4.0000      4.0000     19.0000      0.0000      0.0000      1.5240
   2014.0000      4.0000      7.0000     15.0000      0.0000      0.0000      0.7620
   2014.0000      4.0000      7.0000     19.0000      0.0000      0.0000      2.0320
   2014.0000      4.0000      9.0000     14.0000      0.0000      0.0000     13.4620
   2014.0000      4.0000      9.0000     17.0000      0.0000      0.0000      0.2540
   2014.0000      4.0000     10.0000      3.0000      0.0000      0.0000      0.2540
   2014.0000      4.0000     10.0000      4.0000      0.0000      0.0000      0.5080
   2014.0000      4.0000     10.0000      5.0000      0.0000      0.0000      0.5080
   2014.0000      4.0000     10.0000     11.0000      0.0000      0.0000      0.2540
   2014.0000      4.0000     11.0000     22.0000      0.0000      0.0000      1.0160
   2014.0000      4.0000     12.0000     17.0000      0.0000      0.0000      1.0160
   2014.0000      4.0000     13.0000      5.0000      0.0000      0.0000      6.6040
   2014.0000      4.0000     13.0000      6.0000      0.0000      0.0000      1.0160
   2014.0000      4.0000     13.0000      7.0000      0.0000      0.0000      1.7780
   2014.0000      4.0000     13.0000      8.0000      0.0000      0.0000      4.8260
   2014.0000      4.0000     13.0000      9.0000      0.0000      0.0000      0.5080
   2014.0000      4.0000     14.0000      6.0000      0.0000      0.0000      1.7780
   2014.0000      4.0000     14.0000      7.0000      0.0000      0.0000      9.9060
   2014.0000      4.0000     14.0000      8.0000      0.0000      0.0000      1.0160
   2014.0000      4.0000     14.0000     17.0000      0.0000      0.0000     34.2900
   2014.0000      4.0000     14.0000     18.0000      0.0000      0.0000      9.3980
   2014.0000      4.0000     14.0000     19.0000      0.0000      0.0000     13.7160
   2014.0000      4.0000     14.0000     20.0000      0.0000      0.0000      7.3660
   2014.0000      4.0000     15.0000     16.0000      0.0000      0.0000      6.6040
   2014.0000      4.0000     15.0000     17.0000      0.0000      0.0000      0.2540
   2014.0000      4.0000     16.0000     17.0000      0.0000      0.0000      0.5080
   2014.0000      4.0000     17.0000     11.0000      0.0000      0.0000      0.2540
   2014.0000      4.0000     17.0000     16.0000      0.0000      0.0000      1.5240
   2014.0000      4.0000     17.0000     17.0000      0.0000      0.0000      5.8420
   2014.0000      4.0000     17.0000     18.0000      0.0000      0.0000      0.2540
   2014.0000      4.0000     18.0000     20.0000      0.0000      0.0000      0.2540
   2014.0000      4.0000     18.0000     21.0000      0.0000      0.0000      0.2540
   2014.0000      4.0000     20.0000     16.0000      0.0000      0.0000     13.2080
   2014.0000      4.0000     20.0000     17.0000      0.0000      0.0000     11.4300
   2014.0000      4.0000     20.0000     18.0000      0.0000      0.0000      0.7620
   2014.0000      4.0000     20.0000     19.0000      0.0000      0.0000      5.5880
   2014.0000      4.0000     20.0000     20.0000      0.0000      0.0000      0.2540
   2014.0000      4.0000     21.0000      7.0000      0.0000      0.0000      7.6200
   2014.0000      4.0000     21.0000      8.0000      0.0000      0.0000      3.3020
   2014.0000      4.0000     21.0000      9.0000      0.0000      0.0000      0.2540
   2014.0000      4.0000     21.0000     10.0000      0.0000      0.0000      0.2540
   2014.0000      4.0000     21.0000     16.0000      0.0000      0.0000      7.3660
   2014.0000      4.0000     22.0000     14.0000      0.0000      0.0000      0.2540
   2014.0000      4.0000     23.0000     18.0000      0.0000      0.0000      0.2540
   2014.0000      4.0000     24.0000      2.0000      0.0000      0.0000      0.7620
   2014.0000      4.0000     24.0000      3.0000      0.0000      0.0000      0.2540
   2014.0000      4.0000     24.0000      4.0000      0.0000      0.0000      0.5080
   2014.0000      4.0000     24.0000     11.0000      0.0000      0.0000      0.2540
   2014.0000      4.0000     24.0000     17.0000      0.0000      0.0000      0.2540
   2014.0000      4.0000     25.0000      8.0000      0.0000      0.0000      7.1120
   2014.0000      4.0000     25.0000      9.0000      0.0000      0.0000      0.2540
   2014.0000      4.0000     25.0000     15.0000      0.0000      0.0000      0.2540
   2014.0000      4.0000     25.0000     19.0000      0.0000      0.0000      0.2540
   2014.0000      4.0000     25.0000     20.0000      0.0000      0.0000      1.5240
   2014.0000      4.0000     25.0000     21.0000      0.0000      0.0000      0.2540
   2014.0000      4.0000     26.0000     16.0000      0.0000      0.0000      0.2540
   2014.0000      4.0000     26.0000     17.0000      0.0000      0.0000      2.0320
   2014.0000      4.0000     27.0000     14.0000      0.0000      0.0000      0.2540
   2014.0000      4.0000     28.0000     17.0000      0.0000      0.0000      3.5560
   2014.0000      4.0000     29.0000      1.0000      0.0000      0.0000      1.5240
   2014.0000      4.0000     29.0000     13.0000      0.0000      0.0000      0.2540
   2014.0000      4.0000     30.0000     11.0000      0.0000      0.0000      0.7620
   2014.0000      4.0000     30.0000     14.0000      0.0000      0.0000      0.2540
   2014.0000      4.0000     30.0000     15.0000      0.0000      0.0000      1.7780
   2014.0000      4.0000     30.0000     18.0000      0.0000      0.0000      0.2540
   2014.0000      4.0000     30.0000     19.0000      0.0000      0.0000      1.2700
   2014.0000      5.0000      1.0000      5.0000      0.0000      0.0000      0.2540
   2014.0000      5.0000      1.0000      8.0000      0.0000      0.0000      0.2540
   2014.0000      5.0000      1.0000      9.0000      0.0000      0.0000      4.3180
   2014.0000      5.0000      1.0000     10.0000      0.0000      0.0000      2.0320
   2014.0000      5.0000      1.0000     11.0000      0.0000      0.0000      0.2540
   2014.0000      5.0000      1.0000     12.0000      0.0000      0.0000      0.2540
   2014.0000      5.0000      1.0000     13.0000      0.0000      0.0000      1.5240
   2014.0000      5.0000      2.0000     19.0000      0.0000      0.0000      0.2540
   2014.0000      5.0000      3.0000     19.0000      0.0000      0.0000      2.2860
   2014.0000      5.0000      4.0000     11.0000      0.0000      0.0000      1.0160
   2014.0000      5.0000      4.0000     12.0000      0.0000      0.0000      6.8580
   2014.0000      5.0000      4.0000     13.0000      0.0000      0.0000      3.8100
   2014.0000      5.0000      4.0000     14.0000      0.0000      0.0000     27.6860
   2014.0000      5.0000      4.0000     15.0000      0.0000      0.0000      5.3340
   2014.0000      5.0000      4.0000     16.0000      0.0000      0.0000      1.2700
   2014.0000      5.0000      4.0000     17.0000      0.0000      0.0000      0.2540
   2014.0000      5.0000      4.0000     19.0000      0.0000      0.0000      0.2540
   2014.0000      5.0000      5.0000      2.0000      0.0000      0.0000      0.2540
   2014.0000      5.0000      9.0000     12.0000      0.0000      0.0000      2.5400
   2014.0000      5.0000      9.0000     13.0000      0.0000      0.0000      1.7780
   2014.0000      5.0000      9.0000     14.0000      0.0000      0.0000     24.8920
   2014.0000      5.0000      9.0000     15.0000      0.0000      0.0000      1.5240
   2014.0000      5.0000      9.0000     16.0000      0.0000      0.0000      0.2540
   2014.0000      5.0000      9.0000     17.0000      0.0000      0.0000      0.5080
   2014.0000      5.0000      9.0000     18.0000      0.0000      0.0000      0.2540
   2014.0000      5.0000      9.0000     20.0000      0.0000      0.0000      0.2540
   2014.0000      5.0000      9.0000     21.0000      0.0000      0.0000      0.2540
   2014.0000      5.0000     11.0000     10.0000      0.0000      0.0000      4.8260
   2014.0000      5.0000     11.0000     11.0000      0.0000      0.0000     19.0500
   2014.0000      5.0000     11.0000     12.0000      0.0000      0.0000      3.5560
   2014.0000      5.0000     11.0000     13.0000      0.0000      0.0000      0.5080
   2014.0000      5.0000     11.0000     14.0000      0.0000      0.0000      0.2540
   2014.0000      5.0000     11.0000     15.0000      0.0000      0.0000      0.2540
   2014.0000      5.0000     11.0000     20.0000      0.0000      0.0000      1.0160
   2014.0000      5.0000     11.0000     22.0000      0.0000      0.0000      0.2540
   2014.0000      5.0000     11.0000     23.0000      0.0000      0.0000      0.5080
   2014.0000      5.0000     12.0000      2.0000      0.0000      0.0000      0.2540
   2014.0000      5.0000     12.0000      4.0000      0.0000      0.0000      0.2540
   2014.0000      5.0000     12.0000     15.0000      0.0000      0.0000      0.2540
   2014.0000      5.0000     14.0000     15.0000      0.0000      0.0000      4.5720
   2014.0000      5.0000     14.0000     16.0000      0.0000      0.0000      1.7780
   2014.0000      5.0000     15.0000     17.0000      0.0000      0.0000      0.2540
   2014.0000      5.0000     16.0000     17.0000      0.0000      0.0000      4.5720
   2014.0000      5.0000     19.0000     16.0000      0.0000      0.0000     10.4140
   2014.0000      5.0000     19.0000     17.0000      0.0000      0.0000      9.3980
   2014.0000      5.0000     19.0000     18.0000      0.0000      0.0000      0.2540
   2014.0000      5.0000     20.0000     11.0000      0.0000      0.0000      0.2540
   2014.0000      5.0000     20.0000     16.0000      0.0000      0.0000      7.1120
   2014.0000      5.0000     20.0000     17.0000      0.0000      0.0000      0.5080
   2014.0000      5.0000     21.0000     18.0000      0.0000      0.0000      1.0160
   2014.0000      5.0000     21.0000     19.0000      0.0000      0.0000      0.7620
   2014.0000      5.0000     22.0000      4.0000      0.0000      0.0000      0.7620
   2014.0000      5.0000     23.0000      9.0000      0.0000      0.0000      0.2540
   2014.0000      5.0000     23.0000     14.0000      0.0000      0.0000      0.2540
   2014.0000      5.0000     25.0000     14.0000      0.0000      0.0000      0.2540
   2014.0000      5.0000     26.0000      0.0000      0.0000      0.0000      1.5240
   2014.0000      5.0000     26.0000      1.0000      0.0000      0.0000      0.2540
   2014.0000      5.0000     26.0000      4.0000      0.0000      0.0000      1.5240
   2014.0000      5.0000     26.0000      7.0000      0.0000      0.0000      4.8260
   2014.0000      5.0000     26.0000      8.0000      0.0000      0.0000      3.5560
   2014.0000      5.0000     26.0000      9.0000      0.0000      0.0000      2.2860
   2014.0000      5.0000     26.0000     22.0000      0.0000      0.0000      0.7620
   2014.0000      5.0000     26.0000     23.0000      0.0000      0.0000      0.2540
   2014.0000      5.0000     27.0000      2.0000      0.0000      0.0000      2.0320
   2014.0000      5.0000     27.0000      3.0000      0.0000      0.0000      5.3340
   2014.0000      5.0000     27.0000      4.0000      0.0000      0.0000      1.5240
   2014.0000      5.0000     27.0000     15.0000      0.0000      0.0000      0.2540
   2014.0000      5.0000     28.0000     14.0000      0.0000      0.0000      0.2540
   2014.0000      5.0000     28.0000     15.0000      0.0000      0.0000      1.7780
   2014.0000      5.0000     28.0000     17.0000      0.0000      0.0000      0.5080
   2014.0000      5.0000     30.0000     15.0000      0.0000      0.0000      0.7620
   2014.0000      5.0000     30.0000     16.0000      0.0000      0.0000      3.0480
   2014.0000      5.0000     30.0000     17.0000      0.0000      0.0000      0.2540
   2014.0000      5.0000     31.0000     14.0000      0.0000      0.0000      0.5080
   2014.0000      6.0000      1.0000      9.0000      0.0000      0.0000      0.2540
   2014.0000      6.0000      4.0000     12.0000      0.0000      0.0000      8.6360
   2014.0000      6.0000      4.0000     13.0000      0.0000      0.0000      0.7620
   2014.0000      6.0000      4.0000     15.0000      0.0000      0.0000      0.2540
   2014.0000      6.0000      6.0000     16.0000      0.0000      0.0000      0.2540
   2014.0000      6.0000      6.0000     18.0000      0.0000      0.0000      1.5240
   2014.0000      6.0000      6.0000     19.0000      0.0000      0.0000      0.2540
   2014.0000      6.0000     11.0000     12.0000      0.0000      0.0000      2.0320
   2014.0000      6.0000     11.0000     13.0000      0.0000      0.0000      0.2540
   2014.0000      6.0000     11.0000     17.0000      0.0000      0.0000      0.2540
   2014.0000      6.0000     11.0000     21.0000      0.0000      0.0000      5.0800
   2014.0000      6.0000     11.0000     22.0000      0.0000      0.0000      1.0160
   2014.0000      6.0000     11.0000     23.0000      0.0000      0.0000      0.5080
   2014.0000      6.0000     12.0000     22.0000      0.0000      0.0000      1.2700
   2014.0000      6.0000     16.0000     18.0000      0.0000      0.0000     12.9540
   2014.0000      6.0000     16.0000     19.0000      0.0000      0.0000      1.0160
   2014.0000      6.0000     18.0000      7.0000      0.0000      0.0000      0.2540
   2014.0000      6.0000     18.0000      8.0000      0.0000      0.0000      2.2860
   2014.0000      6.0000     18.0000      9.0000      0.0000      0.0000      0.2540
   2014.0000      6.0000     18.0000     19.0000      0.0000      0.0000      1.2700
   2014.0000      6.0000     18.0000     20.0000      0.0000      0.0000      1.0160
   2014.0000      6.0000     18.0000     21.0000      0.0000      0.0000      0.7620
   2014.0000      6.0000     19.0000     14.0000      0.0000      0.0000      0.5080
   2014.0000      6.0000     19.0000     15.0000      0.0000      0.0000     16.7640
   2014.0000      6.0000     19.0000     16.0000      0.0000      0.0000      2.7940
   2014.0000      6.0000     19.0000     17.0000      0.0000      0.0000      0.5080
   2014.0000      6.0000     20.0000      8.0000      0.0000      0.0000      0.2540
   2014.0000      6.0000     21.0000      2.0000      0.0000      0.0000     26.9240
   2014.0000      6.0000     21.0000      8.0000      0.0000      0.0000      0.2540
   2014.0000      6.0000     22.0000     15.0000      0.0000      0.0000      0.7620
   2014.0000      6.0000     25.0000     18.0000      0.0000      0.0000      0.5080
   2014.0000      6.0000     26.0000     12.0000      0.0000      0.0000      4.5720
   2014.0000      6.0000     26.0000     14.0000      0.0000      0.0000      7.8740
   2014.0000      6.0000     27.0000     14.0000      0.0000      0.0000      0.2540
   2014.0000      6.0000     29.0000      7.0000      0.0000      0.0000      0.2540
   2014.0000      6.0000     29.0000      9.0000      0.0000      0.0000      5.3340
   2014.0000      6.0000     29.0000     11.0000      0.0000      0.0000      4.3180
   2014.0000      6.0000     29.0000     14.0000      0.0000      0.0000      0.7620
   2014.0000      6.0000     29.0000     15.0000      0.0000      0.0000      0.2540
   2014.0000      6.0000     29.0000     20.0000      0.0000      0.0000      0.2540
   2014.0000      6.0000     29.0000     21.0000      0.0000      0.0000      0.7620
   2014.0000      7.0000      1.0000     15.0000      0.0000      0.0000      0.2540
   2014.0000      7.0000      3.0000     10.0000      0.0000      0.0000     10.6680
   2014.0000      7.0000      3.0000     11.0000      0.0000      0.0000      2.7940
   2014.0000      7.0000      3.0000     12.0000      0.0000      0.0000      1.2700
   2014.0000      7.0000      4.0000     15.0000      0.0000      0.0000      7.8740
   2014.0000      7.0000      4.0000     16.0000      0.0000      0.0000      2.2860
   2014.0000      7.0000      4.0000     18.0000      0.0000      0.0000      0.2540
   2014.0000      7.0000      9.0000     15.0000      0.0000      0.0000      7.8740
   2014.0000      7.0000      9.0000     16.0000      0.0000      0.0000      0.2540
   2014.0000      7.0000     10.0000     10.0000      0.0000      0.0000      4.0640
   2014.0000      7.0000     11.0000     18.0000      0.0000      0.0000      8.1280
   2014.0000      7.0000     12.0000      6.0000      0.0000      0.0000      0.2540
   2014.0000      7.0000     12.0000     10.0000      0.0000      0.0000      3.0480
   2014.0000      7.0000     12.0000     12.0000      0.0000      0.0000      0.2540
   2014.0000      7.0000     12.0000     17.0000      0.0000      0.0000      8.6360
   2014.0000      7.0000     12.0000     18.0000      0.0000      0.0000     11.9380
   2014.0000      7.0000     12.0000     20.0000      0.0000      0.0000      0.2540
   2014.0000      7.0000     13.0000     10.0000      0.0000      0.0000      0.2540
   2014.0000      7.0000     14.0000     11.0000      0.0000      0.0000      0.2540
   2014.0000      7.0000     16.0000     15.0000      0.0000      0.0000     10.4140
   2014.0000      7.0000     17.0000     17.0000      0.0000      0.0000      1.0160
   2014.0000      7.0000     17.0000     21.0000      0.0000      0.0000      6.0960
   2014.0000      7.0000     18.0000     15.0000      0.0000      0.0000      1.7780
   2014.0000      7.0000     18.0000     16.0000      0.0000      0.0000      3.3020
   2014.0000      7.0000     19.0000     14.0000      0.0000      0.0000      0.2540
   2014.0000      7.0000     22.0000     19.0000      0.0000      0.0000      7.6200
   2014.0000      7.0000     22.0000     20.0000      0.0000      0.0000      0.2540
   2014.0000      7.0000     23.0000     20.0000      0.0000      0.0000      0.5080
   2014.0000      7.0000     24.0000      9.0000      0.0000      0.0000      0.2540
   2014.0000      7.0000     25.0000     13.0000      0.0000      0.0000      0.7620
   2014.0000      7.0000     25.0000     14.0000      0.0000      0.0000      0.5080
   2014.0000      7.0000     25.0000     17.0000      0.0000      0.0000      7.8740
   2014.0000      7.0000     29.0000     20.0000      0.0000      0.0000      0.5080
   2014.0000      8.0000      4.0000     16.0000      0.0000      0.0000      1.0160
   2014.0000      8.0000      4.0000     20.0000      0.0000      0.0000     26.9240
   2014.0000      8.0000      4.0000     21.0000      0.0000      0.0000      0.2540
   2014.0000      8.0000      6.0000     13.0000      0.0000      0.0000      0.2540
   2014.0000      8.0000      7.0000     16.0000      0.0000      0.0000      0.2540
   2014.0000      8.0000      7.0000     17.0000      0.0000      0.0000     10.6680
   2014.0000      8.0000      7.0000     19.0000      0.0000      0.0000      0.2540
   2014.0000      8.0000      9.0000     17.0000      0.0000      0.0000     13.7160
   2014.0000      8.0000      9.0000     18.0000      0.0000      0.0000      2.7940
   2014.0000      8.0000     10.0000     15.0000      0.0000      0.0000      0.2540
   2014.0000      8.0000     10.0000     20.0000      0.0000      0.0000      0.2540
   2014.0000      8.0000     11.0000     16.0000      0.0000      0.0000      5.8420
   2014.0000      8.0000     12.0000     14.0000      0.0000      0.0000      0.5080
   2014.0000      8.0000     15.0000     18.0000      0.0000      0.0000      2.0320
   2014.0000      8.0000     15.0000     19.0000      0.0000      0.0000      6.8580
   2014.0000      8.0000     16.0000      2.0000      0.0000      0.0000      0.2540
   2014.0000      8.0000     16.0000      9.0000      0.0000      0.0000      0.2540
   2014.0000      8.0000     16.0000     14.0000      0.0000      0.0000      9.3980
   2014.0000      8.0000     16.0000     15.0000      0.0000      0.0000      1.7780
   2014.0000      8.0000     16.0000     16.0000      0.0000      0.0000      3.3020
   2014.0000      8.0000     17.0000     13.0000      0.0000      0.0000      0.2540
   2014.0000      8.0000     24.0000     16.0000      0.0000      0.0000      0.2540
   2014.0000      8.0000     26.0000     18.0000      0.0000      0.0000      0.5080
   2014.0000      8.0000     27.0000     19.0000      0.0000      0.0000      3.0480
   2014.0000      8.0000     31.0000     10.0000      0.0000      0.0000      0.2540
   2014.0000      8.0000     31.0000     13.0000      0.0000      0.0000      0.2540
   2014.0000      9.0000      1.0000     18.0000      0.0000      0.0000      8.6360
   2014.0000      9.0000      1.0000     20.0000      0.0000      0.0000      0.2540
   2014.0000      9.0000      1.0000     22.0000      0.0000      0.0000      2.7940
   2014.0000      9.0000      1.0000     23.0000      0.0000      0.0000      0.5080
   2014.0000      9.0000      7.0000     18.0000      0.0000      0.0000      0.5080
   2014.0000      9.0000      8.0000     14.0000      0.0000      0.0000      0.2540
   2014.0000      9.0000      8.0000     20.0000      0.0000      0.0000     12.4460
   2014.0000      9.0000      8.0000     21.0000      0.0000      0.0000      2.7940
   2014.0000      9.0000      8.0000     22.0000      0.0000      0.0000      0.2540
   2014.0000      9.0000      9.0000     14.0000      0.0000      0.0000      0.2540
   2014.0000      9.0000      9.0000     19.0000      0.0000      0.0000      9.3980
   2014.0000      9.0000     10.0000      4.0000      0.0000      0.0000      1.5240
   2014.0000      9.0000     10.0000      5.0000      0.0000      0.0000      0.2540
   2014.0000      9.0000     12.0000     17.0000      0.0000      0.0000     13.4620
   2014.0000      9.0000     13.0000     18.0000      0.0000      0.0000     13.7160
   2014.0000      9.0000     13.0000     19.0000      0.0000      0.0000      0.2540
   2014.0000      9.0000     13.0000     21.0000      0.0000      0.0000      0.2540
   2014.0000      9.0000     13.0000     22.0000      0.0000      0.0000      7.8740
   2014.0000      9.0000     16.0000     20.0000      0.0000      0.0000      0.2540
   2014.0000      9.0000     17.0000     17.0000      0.0000      0.0000      1.7780
   2014.0000      9.0000     22.0000     15.0000      0.0000      0.0000      4.8260
   2014.0000      9.0000     24.0000     21.0000      0.0000      0.0000      5.3340
   2014.0000      9.0000     25.0000     10.0000      0.0000      0.0000      0.2540
   2014.0000      9.0000     25.0000     19.0000      0.0000      0.0000      0.2540
   2014.0000      9.0000     30.0000     21.0000      0.0000      0.0000      0.7620
   2014.0000     10.0000      2.0000      5.0000      0.0000      0.0000      2.0320
   2014.0000     10.0000      2.0000      7.0000      0.0000      0.0000      0.2540
   2014.0000     10.0000      2.0000     11.0000      0.0000      0.0000      3.5560
   2014.0000     10.0000      2.0000     12.0000      0.0000      0.0000      0.2540
   2014.0000     10.0000      2.0000     17.0000      0.0000      0.0000      0.2540
   2014.0000     10.0000      4.0000      8.0000      0.0000      0.0000      0.2540
   2014.0000     10.0000      4.0000     13.0000      0.0000      0.0000      2.7940
   2014.0000     10.0000      4.0000     14.0000      0.0000      0.0000     11.4300
   2014.0000     10.0000      4.0000     15.0000      0.0000      0.0000      1.5240
   2014.0000     10.0000      4.0000     16.0000      0.0000      0.0000      1.7780
   2014.0000     10.0000      4.0000     17.0000      0.0000      0.0000      0.5080
   2014.0000     10.0000      6.0000     16.0000      0.0000      0.0000     11.1760
   2014.0000     10.0000      6.0000     21.0000      0.0000      0.0000      0.2540
   2014.0000     10.0000      7.0000     19.0000      0.0000      0.0000      0.2540
   2014.0000     10.0000     10.0000     13.0000      0.0000      0.0000      0.2540
   2014.0000     10.0000     10.0000     14.0000      0.0000      0.0000      0.2540
